1746334
 7343089 
9480211 
9705367 
11741512 
13256678 
13992823 
15224325 
15772270 
16333904 
21609852 
25620262 
25747408 
26317973 
28371052 
28640585 
28812480 
30822209 
31394705 
34357000 
36520454 
37474951 38774862 39147601 39887109 44721531 44807747 48898156 49289564 
49856174 51596496 51657863 52151927 52472851 54305624 55866715 55920820 
56374402 56955209 57315775 61815408 62555821 63548417 65973685 68189537 
71310823 72508255 72916971 74813802 75073951 81369970 82512038 83600532 
93835716 
96070130
26 B星种子列表