 544743  2.3724387 2.4236534
1602031  2.4805844 2.7413874
2871008  2.400925  2.3704643
3490481  2.4766865 2.3795202
3549564  2.6947641 2.423329
3553943  2.5861142 2.4304645
4197230  2.3690846 2.4464173
4519955  2.394109  2.44142
6117740  2.5340526 2.5849595
7346370  2.4781406 2.3996124
7370989  2.376538  2.4147859
7990767  2.4627683 2.6371052
11348624  2.4505105 2.549913
11972591  2.5094304 2.5220397
12010853  2.3872814 2.4190834
12335656  2.4008331 2.3937879
13058443  2.4571912 2.6409457
13336387  2.4445934 2.404802
15524582  2.4565604 2.3798413
15581790  2.3661354 2.626817
17984068  2.5318663 2.3665662
19405951  2.44739   2.5737336
21272261  2.3836386 2.3986223
21276345  2.3825965 2.4341674
21429993  2.4521284 2.3775384
21436512  2.4392626 2.4450722
22667339  2.5046809 2.3775759
23146076  2.4663963 2.4507072
24299088  2.430709  2.404058
24681091  2.415295  2.5692794
25218041  2.380464  2.4685779
26765721  2.4711912 2.4248202
28673494  2.4561102 2.4117777
29454557  2.4245782 2.3843825
33939314  2.3684719 2.4259994
36099370  2.5027218 2.5066307
36929921  2.4020026 2.5936077
37736120  2.4601328 2.4769304
39152395  2.4200053 2.530535
39282331  2.5558062 2.4254143
39339598  2.497079  2.372716
39535926  2.510791  2.3662713
40286822  2.4239461 2.4575663
40417314  2.375781  2.4886994
43036052  2.4141412 2.4071095
43412916  2.466533  2.5193293
45290517  2.6146538 2.3923001
45939613  2.5610456 2.37309
47649432  2.5055454 2.4386861
48931862  2.4912639 2.3805413
49026652  2.4143555 2.397274
49065707  2.6014113 2.3714888
49072914  2.4417155 2.4885964
51545620  2.4895847 2.5644927
52797492  2.5998468 2.480136
53751806  2.3864174 2.388307
57830347  2.429027  2.7259436
57983943  2.3834093 2.6288621
58020810  2.485746  2.3715959
59065491  2.4283292 2.4387467
59685269  2.6109552 2.4782412
62069238  2.4109786 2.5153499
63002889  2.5347543 2.5950043
63808175  2.3928778 2.3940673
66191815  2.4564605 2.4154146
66541257  2.5542116 2.4678116
67006053  2.4571488 2.4659162
67422611  2.5088441 2.4752314
68107992  2.533849  2.5226364
68140480  2.5012043 2.5090268
69619612  2.4193509 2.409573
70676572  2.368152  2.561147
71892465  2.4590883 2.466344
71932907  2.4245372 2.6022573
72490787  2.6811805 2.3812776
73793271  2.6587899 2.4232767
74421940  2.384614  2.4384835
77001448  2.3839548 2.5191314
78142592  2.4770277 2.38065
80374410  2.418434  2.4704976
82027775  2.4185507 2.5028281
82074834  2.6201267 2.4912589
83434141  2.418972  2.3954773
84550368  2.3908632 2.4016566
84593048  2.5031662 2.4097552
85271265  2.4041266 2.6191893
87680566  2.5261276 2.58376
88342795  2.3935778 2.3821006
88385475  2.420217  2.3678799
90198780  2.4292793 2.4664063
90806660  2.4243932 2.5868294
94238234  2.4492269 2.4018838
95944251  2.3809803 2.3832288
97757556  2.4844263 2.4280956
98530230  2.6270127 2.6419725
后面是两个蓝巨的亮度，没有三固三蓝巨


6117740
目前为止最好的亮度都过2.5的双三固蓝巨是这个，亮度2.53和2.58
1602031
总亮度最高的是这个，2.48和2.74

