气态巨星: 最大34(33443722), 最小0(3153224, 6932325, 17013250, 17405881, 20818996, 22425432, 25139665, 31627090, 37799772, 43057627)
冰巨星: 最大34(51214193, 85062122), 最小0(6610736, 7998107, 16333386, 16813787, 21988356, 22402537, 23182934, 24014429, 26455426, 29660115)
干旱荒漠: 最大32(61200059, 61227653), 最小0(25235562, 26934102, 31787639, 39371878, 40615156, 44564004, 60782442, 61474490, 64213983, 80302292)
灰烬冻土: 最大32(84393699), 最小0(107416, 573442, 1179105, 2140807, 2532033, 3695832, 3945232, 4194001, 4604768, 4684589)
海洋丛林: 最大14(7912848, 10209182, 14169437, 27231516, 35522866, 37244800, 41886845, 44371058, 56488906, 60602554), 最小0(2, 42, 98, 96, 113, 102, 131, 164, 184, 207)
熔岩: 最大47(12021840, 36158019, 48052075), 最小8(70111070)
冰原冻土: 最大42(11356148, 38447649), 最小3(51325120, 63907644, 65874349, 68530101, 85447097, 97804087)
贫瘠荒漠: 最大31(9783432, 21841345), 最小0(13259, 131974, 187094, 383285, 613758, 889615, 905062, 1193272, 1900133, 1914226)
戈壁: 最大33(24852783), 最小0(786184, 14048300, 33970781, 40624660, 62879219, 84155875)
火山灰: 最大46(33447840, 45346654, 77362130), 最小8(16140144)
红石: 最大15(15610552), 最小0(4, 5, 13, 28, 57, 82, 87, 96, 117, 123)
草原: 最大14(4810417, 12627460, 18139878, 22644028, 26812171, 28742498, 34947454, 37600356, 50889758, 71118958), 最小0(70, 78, 83, 94, 92, 108, 195, 198, 221, 232)
水世界: 最大15(67668737, 99017463), 最小0(38, 62, 109, 133, 156, 169, 202, 251, 246, 310)
黑石盐滩: 最大34(96685697), 最小0(8018725, 20824732, 41881392, 48278821, 54025695, 60170346, 80416346, 80979091, 83287499, 92363388)
樱林海: 最大14(4122865, 11601286, 40432466, 59315704, 61703995, 64560505, 95344360), 最小0(20, 48, 79, 85, 107, 123, 152, 218, 217, 249)
飓风石林: 最大32(26708723, 62813624, 68773027, 68803252, 90422001), 最小0(5061967, 5275706, 5839282, 18006537, 22473535, 28948975, 30923297, 35460363, 53963328, 59824214)
猩红冰湖: 最大30(17993674, 48204027), 最小0(59314, 321609, 476172, 733544, 785061, 1295125, 1611135, 1769672, 2186712, 2190815)
高产气巨: 最大24(53586373), 最小0(2762, 3181, 5848, 6445, 6568, 7912, 8006, 8579, 8753, 10928)
热带草原: 最大15(7545985), 最小0(20, 60, 68, 158, 155, 169, 177, 187, 223, 236)
橙晶荒漠: 最大20(15616276, 19656409, 20358175, 85773092), 最小0(950, 1164, 1414, 1574, 1988, 2085, 2256, 2265, 2295, 2340)
极寒冻土: 最大40(13864712, 40183618, 46398958, 55056264, 89416484), 最小2(45934000, 83099298)
潘多拉沼泽: 最大15(15314947, 28827179), 最小0(30, 76, 148, 278, 326, 324, 379, 383, 409, 423)