B星最低亮度: 1.3978577
1220499
1297434
2215619
2268496
5985503
6779330
7774489
8195813
8894719
9646325

B星最高亮度: 2.0237505
1151997
1507123
2681207
3142529
4133765
5615657
7157493
9138837
11205779
11995937

O星最低亮度: 2.0237508
3946178
4490283
6193026
7036669
7644067
8303358
11139980
12475405
19523337
34086972

O星最高亮度: 2.5109792
4703516
5357857
6012198
9333897
12630599
13284940
15952298
18594659
19249000
21453987

蓝巨最高亮度:
83028378(2.7675726)
91346466(2.767425)
89165061(2.7674105)
93722201(2.7673573)
80789920(2.7673142)
85347060(2.7672613)
93562576(2.767207)
95033879(2.7671652)
77844804(2.767129)
87777298(2.767058)