黑洞/中子星最小距离:
69057997(2.0000203990784593)
97041092(2.0000288035629845)
10495545(2.000090894077755)
45578360(2.0001416281743643)
71460791(2.000143292013518)
27521009(2.0001628844549666)
87788273(2.0001740113882316)
59821805(2.0002075126634664)
48925578(2.0002229096779174)
7076863(2.000276177189296)

黑洞/中子星最远距离:
36437287(88.70799357552232)
84284297(87.8418383239785)
58538725(85.65504710533422)
28659541(85.02353920616419)
14713851(84.90156483016598)
74460401(84.53929898607004)
38536701(84.11209384493)
58052573(84.07012742583895)
19358212(83.8063938191142)
59150684(83.50321466997133)


黑洞/中子星最大资源倍率和:
78941573(4.060067725156975)
67771267(4.057777124367483)
58052573(4.056096591017535)
26664230(4.053780220853061)
33789973(4.047587328340427)
3783983(4.045697957899568)
33536223(4.045685582290042)
42799525(4.044035161855028)
46625658(4.040804046652698)
32388406(4.040111530955074)